10 100 68
14 102 69
18 104 70
23 106 71
27 109 72
32 111 73
36 113 74
41 116 75
45 118 76
50 120 77
54 122 79
58 125 80
63 127 81
67 129 82
72 132 83
76 134 84
81 136 85
85 138 86
90 141 87
94 143 88
98 145 90
103 148 91
107 150 92
112 152 93
116 154 94
121 157 95
125 159 96
130 161 97
134 164 98
139 166 99
143 168 101
147 170 102
152 173 103
156 175 104
161 177 105
165 180 106
170 182 107
174 184 108
179 186 109
183 189 110
187 191 112
192 193 113
196 196 114
201 198 115
205 200 116
210 202 117
214 205 118
219 207 119
223 209 120
228 212 122
228 207 119
229 203 117
229 199 114
230 194 112
230 190 109
231 186 107
231 181 104
232 177 102
232 173 99
233 168 97
234 164 94
234 160 92
235 155 89
235 151 87
236 147 84
236 142 82
237 138 79
237 134 77
238 129 74
239 125 72
239 121 69
240 116 67
240 112 64
241 108 62
241 103 59
242 99 57
242 95 54
243 90 52
243 86 49
244 82 47
245 77 44
245 73 42
246 69 39
246 64 37
247 60 34
247 56 32
248 51 29
248 47 27
249 43 24
250 38 22
250 34 19
251 30 17
251 25 14
252 21 12
252 17 9
253 12 7
253 8 4
254 4 2
255 0 0
252 2 2
249 4 4
246 7 7
244 9 9
241 12 12
238 14 14
236 17 17
233 19 19
230 22 22
227 24 24
225 27 27
222 29 29
219 32 32
217 34 34
214 37 37
211 39 39
208 42 42
206 44 44
203 47 47
200 49 49
198 52 52
195 54 54
192 57 57
189 59 59
187 62 62
184 64 64
181 67 67
179 69 69
176 72 72
173 74 74
170 77 77
168 79 79
165 82 82
162 84 84
160 87 87
157 89 89
154 92 92
151 94 94
149 97 97
146 99 99
143 102 102
141 104 104
138 107 107
135 109 109
132 112 112
130 114 114
127 117 117
124 119 119
122 122 122
124 124 124
127 127 127
130 130 130
132 132 132
135 135 135
138 138 138
141 141 141
143 143 143
146 146 146
149 149 149
151 151 151
154 154 154
157 157 157
160 160 160
162 162 162
165 165 165
168 168 168
170 170 170
173 173 173
176 176 176
179 179 179
181 181 181
184 184 184
187 187 187
189 189 189
192 192 192
195 195 195
198 198 198
200 200 200
203 203 203
206 206 206
208 208 208
211 211 211
214 214 214
217 217 217
219 219 219
222 222 222
225 225 225
227 227 227
230 230 230
233 233 233
236 236 236
238 238 238
241 241 241
244 244 244
246 246 246
249 249 249
252 252 252
255 255 255
